eval_loss = 2.152385096530047
mcc = 0.7380433149854716
